Site,Idnumber,N_scars,Length,Proximal_width,Medial_width,Distal_width,Thickness_at_medial,Platform_width,Platform_thickness
1017,34,6,33.39,12.22,23.41,3.5,4.2,9.22,2.93
1017,32,7,35.53,17.4,34.7,25.23,6.36,14.17,1.74
1017,18,7,39.07,16.64,18.31,11.88,3.48,14.22,4.9
1017,42,7,68.57,20.4,22.55,22.39,4.73,15.58,9.24
1017,17,6,67.39,16.03,36.66,17.87,5.63,16.04,5.07
1017,40,8,25.03,23.09,27.96,7.21,3.83,16.35,3.18
1017,35,4,27.22,23.92,26.2,20.68,3.22,17.47,2.75
1017,31,9,39.42,19.17,25.38,4.91,5.2,18.67,4.53
1017,28,9,35.5,20.43,19.11,17.58,3.35,19.8,4.97
1017,30,7,36.29,25.13,35.3,23.13,4.9,20.53,5.65
1017,8,8,45.8,32.11,36.7,21.52,11.97,21.25,11.44
1017,41,5,31.12,21.93,20.89,17.47,4.56,21.69,4.33
1017,21,5,56.16,22.72,37.79,7.96,5.23,22.17,8.45
1017,22,4,42.65,26.18,40.47,19.29,6.07,22.46,7.65
1017,26,5,37.64,29.8,36.23,22.74,10.96,24.27,10.29
1017,23,6,45.55,25.96,36.4,20.68,9.79,24.44,10.72
1017,13,7,36.14,25.09,31.22,20.76,6.93,24.59,8.96
1017,44,6,73.02,25.59,21.86,24.44,4.89,26.07,7.02
1017,27,7,33.16,28.74,36.86,31.87,6.16,27.05,7.38
1017,39,9,33.01,30.11,41.05,30.11,7.31,27.21,6.89
1017,1,13,49.01,36.66,43.17,31.14,7.38,27.38,9.3
1017,24,15,43.86,30.49,36.46,20.35,6.25,29.19,8.65
1017,33,12,53.74,33.66,42.42,20.89,9.42,30.54,11.38
1017,15,6,76.95,32.9,34.71,14.28,8.2,31.5,9.27
1017,19,8,44.99,31.37,35.65,18.74,5.43,31.81,6.78
1017,9,8,48.47,34.92,39.9,26.54,8.96,32.85,11.59
1017,36,8,34.4,35.59,29.15,29.05,7.41,33.29,7.62
1017,14,7,61.77,41.34,51.29,32.36,9.3,35.02,14.59
1017,25,5,38.63,38.93,33.64,28.76,8.61,36.04,12.25
1017,6,12,85.53,57.03,75.43,47.66,14.63,37.57,11.68
1017,38,11,48.48,40.15,60.66,26.76,6.52,38.41,5.37
1017,10,8,50.09,48.17,61.52,48.02,10.17,40.54,11
1017,11,9,60.89,48.23,50.63,24.77,12.06,41.52,13.85
1017,4,9,80.55,43.73,47.08,18.42,9.94,41.72,12.59
1017,2,15,50.28,43.47,43.44,30,12.16,42.19,12.4
1017,16,16,55.49,51.28,59.21,29.83,10.78,43.3,12.12
1017,3,14,52.44,44.02,43.32,15.65,13.56,43.89,13.97
1017,5,9,51.32,43.88,45.86,26.2,11.82,44.01,14.25
1017,29,8,41.66,40.91,52.61,34.2,14.06,44.79,15.7
1017,7,10,55.48,46.76,41.23,32.77,15.07,46.96,18.2
1017,43,5,52.66,45.8,50.84,30.62,13.55,47.06,15.38
1017,37,11,65.24,53.25,56.78,37.08,15.51,48.04,12.73
1017,12,9,57.94,52.22,47.03,15.88,11.81,50.3,13.21
1017,20,15,78.15,59.01,62.97,31.32,14.15,59.38,12.71
A5,4492,7,33.13,20.27,19.22,11.48,4.94,7.96,2.93
A5,4436,6,25.96,18.2,23.03,13.87,4.17,8.16,2.83
A5,901,7,23.97,11.9,19.93,17.15,3.83,9.42,3.78
A5,4488,7,27.39,15.01,15.3,1.77,3.17,9.59,3.49
A5,1023,6,20.19,13.14,15.6,12.51,4.48,9.83,4.72
A5,878,4,25.02,13.32,18.77,23.75,5.95,10.4,5.63
A5,104,3,38.11,18.63,22.66,2.42,4.77,10.66,3.91
A5,1435,10,26.59,16.75,25.03,19,5.06,12.61,4.25
A5,4345,5,25.13,21.6,24.47,17.1,3.77,12.69,4.01
A5,4493,8,19.95,15.33,15.48,2.12,5.49,13.61,5.35
A5,117,9,27.83,16.31,13.67,5.07,2.89,15.08,4.29
A5,1431,6,20.28,22.32,25.51,20.79,5.38,15.08,4.98
A5,4197,8,33,15.89,25.39,13.37,6.02,15.13,5.21
A5,4250,5,28.5,25.09,37.02,22.7,7.74,15.22,4.4
A5,3170,4,34.32,21.53,26.77,20.02,5.3,16.78,5.72
A5,4071,6,29,18.82,26.72,21.25,5.94,18.22,6.44
A5,853,4,26.98,16.5,27.92,19.84,6.26,18.4,4.93
A5,1335,5,37.3,31.69,40.14,38.96,13.03,19.2,8.99
A5,1313,7,28.17,19.83,22.33,12.57,6.64,20.11,8.43
A5,4304,11,49.72,20.2,35.19,4.72,6.45,21.45,7.9
A5,147,8,38.22,26.76,23.09,11.82,6.86,21.75,7.84
A5,4251,6,37.47,26.53,25.72,16.26,6.11,21.96,3.5
A5,4352,7,33.87,24.22,32.2,15.81,7.61,22.51,5.27
A5,6002,5,38.81,22.58,25.42,16.86,4.9,22.82,3.59
A5,385,4,33.1,24.25,23.96,2.16,6.97,23.23,6.82
A5,1460,8,32.52,25.78,33.2,28.21,6.16,23.79,5.09
A5,1235,5,23.98,24.48,20.56,16.74,5.64,25.08,6.98
A5,3027,9,28.49,25.45,25.55,9.69,7.53,25.18,8.54
A5,3834,11,24.81,26.91,27.54,16.81,8.77,26.9,7.91
A5,1550,3,34.94,26.65,24.73,2.64,7.83,27.03,7.62
A5,4725,3,62.87,29.4,27.23,4.63,11.23,28.12,11.11
A5,4198,3,31.04,30.06,24.26,8.93,7.15,29.85,7.98
A5,3835,5,32.65,28.49,22.68,5.2,7.16,30.04,7.41
A5,4272,6,52.28,32.06,40.91,23.51,11.14,30.98,10.44
A5,4312,7,58.36,37.97,49.53,31.88,15.81,31.95,13.83
A5,4296,5,35.58,32.45,27.9,12.18,6.18,32.52,11.67
A5,1677,6,33.78,33.07,35.16,28.69,10.98,32.84,8.53
A5,4587,7,30.75,32.15,32.33,17.47,6.19,33.02,6.06
A5,4373,10,42.25,35.33,46.86,33.92,10.86,34.54,10.06
A5,837,7,52.02,35.35,33.6,6.2,9.72,35.36,9.44
A5,4339,6,32.36,38.63,34.02,25.41,12.38,38.4,11.94
A5,1003,8,29.58,37.14,44.1,20.73,10.32,39.72,11.12
A5,4243,13,60.64,54.47,65.19,44.17,16.26,50.82,18.69
ANW-3,35,10,39.78,15.58,30.74,20.27,5.44,12.37,3.33
ANW-3,61,9,33.35,22.93,31.14,25.56,8.21,15.95,5.42
ANW-3,100,7,34.18,15.09,19.05,9.8,4.58,16.26,5.72
ANW-3,41,8,37.45,17.32,17.61,13.99,2.66,17.19,4.15
ANW-3,61,10,50.41,17.75,28.19,7.26,6.74,17.23,5.17
ANW-3,65,7,28.29,18.13,20.65,10.59,4.23,17.75,5.25
ANW-3,46,10,31.99,23.85,26.38,23.31,6.06,18.48,5.44
ANW-3,13,7,40.36,20.89,27.72,12.76,6.69,18.87,7.55
ANW-3,36,6,30.13,20.4,23.32,18.19,5.08,19.06,6.39
ANW-3,57,6,37.03,28.76,35.6,26.24,6.28,19.16,8.24
ANW-3,19,9,26.26,20.03,20.59,7.51,6.07,19.38,6.7
ANW-3,59,5,41.44,23.55,37.28,24.75,8.04,19.78,6.17
ANW-3,41,6,48.25,22.06,35.16,21.96,8.4,20.19,10.36
ANW-3,41,5,29.69,22.9,25.33,20.25,3.83,20.39,6.62
ANW-3,1,7,48.22,24.56,34.56,24.13,9.26,20.48,6.98
ANW-3,40,9,58.58,26.41,28.53,22.27,6.06,21.03,6.7
ANW-3,2,6,32.49,25.67,26.97,17.34,4.97,21.84,4.75
ANW-3,10,5,33.7,26.94,32.52,17.44,7.86,22.08,7.31
ANW-3,5,6,45.79,32.21,37.61,23.33,6.06,22.22,5.84
ANW-3,9,8,48.37,25.5,40.61,22.79,6.51,22.37,9.98
ANW-3,40,6,48.07,22.98,28.87,11.42,6.12,22.51,6.87
ANW-3,43,8,29.56,20.97,29.88,20.91,5.78,22.94,6.51
ANW-3,7,7,45.6,26.58,32.43,12.5,7.88,23.28,8.5
ANW-3,52,5,46.32,24.9,32.4,28.26,8.59,23.47,9.64
ANW-3,7(?),7,51.67,27.94,36.31,26.48,5.19,23.89,4.99
ANW-3,12,5,35.62,28.09,28.05,12.93,8.3,24.15,8.26
ANW-3,27,7,40.11,25.2,30.56,17.82,8.59,24.23,8.44
ANW-3,9,8,31.54,26.83,37.89,32.34,9.71,25.4,9.73
ANW-3,2,8,45.69,25.77,27.48,6.32,6.17,25.69,7.54
ANW-3,100,7,46.9,28.45,38.51,24.67,8.61,25.71,7.73
ANW-3,41,10,32.42,29.55,30.26,18.96,6.62,26.15,7.14
ANW-3,4,8,33.78,26.12,23.68,12.53,9.6,26.42,8.21
ANW-3,47,7,30.21,26.75,28.56,21.86,9.37,26.61,9.94
ANW-3,65,11,34.46,28.27,25.24,12.77,5.37,27.04,6.59
ANW-3,100,6,48.86,27.24,31.89,19.91,9.27,27.73,9.06
ANW-3,35,9,46.1,29,32.15,32.34,6.76,28.81,9.21
ANW-3,40,7,22.58,24.94,29.38,20.68,8.44,28.84,8.06
ANW-3,47,6,35.25,27.79,24.65,9.08,5.7,29.67,7.07
ANW-3,1,8,53.33,26.75,26.62,18.38,6.63,29.97,8.93
ANW-3,43,4,35.8,30.71,32.24,22.15,7.03,30.72,9
ANW-3,60,11,50.25,36.95,33.26,20.88,8.6,31.11,9.89
ANW-3,5,8,59.69,34.62,43.87,27.49,13.7,31.32,13.29
ANW-3,39,6,51.17,36.78,48.5,34.77,9.03,33.35,11.22
ANW-3,57,9,43.09,30.27,42.11,24.16,9.6,33.86,8.95
ANW-3,6,10,64.07,37.18,42.02,27.01,7.61,34.08,9.78
ANW-3,100,4,38.29,33.16,32.25,21.7,9.31,34.68,10.83
ANW-3,56,8,41.86,34.18,39.16,23.19,8.68,35.64,8.51
ANW-3,59,6,41.99,34.84,40.88,27.95,10.5,35.65,8.13
ANW-3,41,7,48.96,37.01,40.3,24.19,7.66,36.1,9.25
ANW-3,56,5,38.2,35.95,25.11,15.87,11.69,36.59,11.9
ANW-3,8,7,41.73,38.72,30.71,17.4,10.15,38.18,12.64
ANW-3,6,8,46.1,42,47.48,30.58,7.85,38.65,7.55
ANW-3,3,8,44.15,41.89,36.88,20.59,12.74,39.68,13.11
ANW-3,4,7,51.55,48.08,43.16,32.03,11.17,47.61,11.54
ANW-3,11,12,75.06,60.34,57.11,40.33,17.76,59.99,20.18
BNS,1015,8,37.83,11.9,24.78,23.05,6.07,9.2,4.78
BNS,734,11,18.58,10.39,14.73,6.9,3.02,9.76,3.64
BNS,977,5,30.06,10.57,15.36,1.34,3.04,10.56,3.22
BNS,1182,8,38.37,17.33,30.8,19.95,8.74,10.58,3.85
BNS,185,7,26.94,16.14,19.22,17.52,4.7,11.43,4.72
BNS,255,9,37.7,14.14,28.68,20.84,4.62,12.03,4.25
BNS,1166,8,47.67,22.32,34.26,26.7,9.35,12.38,4.47
BNS,837,7,26.56,16.91,19.03,22.93,5.49,12.4,4.12
BNS,96,5,21.04,14.87,20.52,14.87,4.43,14.86,3.97
BNS,2803,7,39.67,16.61,24.32,5.39,5.78,14.97,5.56
BNS,907,8,44.94,15.33,22.78,15.53,7.06,15.15,6.75
BNS,243,9,18.77,16.27,16.87,2.63,3.14,15.89,4.46
BNS,11,13,36.11,18.31,28.44,14.97,8.71,17.04,8.7
BNS,1043,9,52.43,25.17,29.6,13.94,6.32,17.37,5.49
BNS,166,3,24.08,14.77,23.35,14.07,5.36,17.46,5.96
BNS,176,3,19.82,20.19,23.63,21.81,6.17,17.58,5.84
BNS,50,4,28.98,19.38,20.24,7.77,4.05,18.26,5.87
BNS,675/678 (conjoin),5,18.91,20.49,22.92,12.68,4.34,19.71,5.35
BNS,454,6,30.53,22.22,30.04,17.91,9.34,20.96,9.87
BNS,943,5,36.43,22.25,25.52,21.84,6.14,21.69,3.6
BNS,524,13,39.76,23.98,29.61,5.28,7.11,22.22,9.67
BNS,229,5,23.69,25.96,22.19,14.84,6.74,26.28,9.65
BNS,20,4,42.55,30.9,28.43,1.24,6.96,26.52,8.99
BNS,122,9,46.72,24.76,21.22,3.3,5.42,26.57,6.83
BNS,161,8,32.2,23.67,31.3,21.15,6.59,28.4,2.9
BNS,367,10,45.1,29.99,36.41,17.82,5.16,28.53,8.7
BNS,432,6,26.22,26.91,27.72,9.62,7.6,28.55,6.73
BNS,838,7,30.3,28.65,33.78,32.95,7.34,28.85,8.4
BNS,155,8,30.23,33.14,33.99,28.63,8.48,30.32,10.06
BNS,1172,7,42.8,33.33,39.83,33.03,10.59,31.92,8.5
BNS,812,16,48.94,37.38,52.72,37.38,14.98,34.08,7.35
BNS,366,4,51.72,38.7,41.76,38,9.14,47.06,10.82
JKF-1,S36,5,26.81,17.08,18.49,13.74,5.08,13.3,5.05
JKF-1,73,3,44.82,24.44,18.45,1.15,6.33,17.12,4.69
JKF-1,571,6,40.14,22.72,27.12,15.63,6.92,19.19,6.76
JKF-1,S62 + S 63 (conjoin),5,67.92,24.98,32.95,20.61,7.92,19.82,5.62
JKF-1,42,4,41.1,37.08,25.74,4.96,9.6,20.08,11.03
JKF-1,873,7,58.26,21.09,27.55,4.63,8.31,20.51,5.83
JKF-1,422,6,46.29,25.28,27.11,4.49,7.48,21.97,7.94
JKF-1,34,3,48.39,28.84,30.03,14.38,5.25,25.18,6.45
JKF-1,328,7,60.22,26.98,36.6,3.97,11.54,25.29,11.86
JKF-1,513,9,91.97,39.39,29.27,2.27,8.83,25.49,10.19
JKF-1,209,7,100.45,29.01,30.2,4.63,9.21,25.84,12.57
JKF-1,142,4,49.95,28.22,26.02,8.86,8.11,25.98,10.62
JKF-1,71,4,55.95,28.84,42.26,26.42,10.87,26.25,10.09
JKF-1,811,6,47.01,26.96,34.08,19.33,9.55,27.5,8.89
JKF-1,S20,7,74.41,37.06,42.41,3.84,8.63,29.03,7.52
JKF-1,27,4,67.24,39.3,38.92,26.49,8.52,33.98,15.86
JKF-1,502,6,53.44,35.28,29.42,3.31,8.87,36.01,9.02
JKF-1,504,7,77.04,42.46,31.08,3.26,8.1,36.18,6.33
JKF-1,86,6,58.46,44.01,40.75,14.34,13.42,39.71,11.62
JKF-1,397,5,48.07,42.74,36.32,3.81,21.72,44.69,13.27
JKF-1,921,8,80.16,45.49,40.9,6.65,7.61,45.18,12.46
JKF-1,847,6,66.57,44.43,36.48,3.83,8.53,45.46,11.32
JKF-1,S76,3,69.01,49.33,36.62,2.67,5.62,49.14,8.94
JKF-1,352,5,76.99,57.74,44.22,5.55,9.73,56.41,17.34
JQ-1,3,11,65.29,26.65,44.33,25.9,10.8,18.09,5.32
JQ-1,7,5,54.51,20.62,32.06,29.51,9.06,18.78,8.01
JQ-1,807,8,40.33,19.26,37.13,27.79,6.74,19.19,2.02
JQ-1,18,4,33.25,27.57,33.63,33.2,9.59,25.35,11.3
JQ-1,121,5,30.71,29.44,23.69,17.01,10.61,27.35,11.17
JQ-1,67,11,42.6,26.59,35.44,26.54,7.91,28.26,6.58
JQ-1,83,5,33.46,34.33,39.4,26.5,12.26,30.99,9.55
JQ-1,5,4,47.92,27.95,39.34,27.78,8.44,32.51,10.36
JQ-1,91,7,39.53,39.36,46.29,49.81,9.82,37.5,7.63
JQ-1,115,8,41.26,41.54,35.68,24.63,9.15,40.12,9.41
JSM-1,914,8,23.67,10.52,14.23,8.82,2.68,6.56,2.29
JSM-1,934,5,24.42,18.9,23.45,18.61,5.67,7.61,2.72
JSM-1,915,7,31.92,13.92,21.03,12.56,4.53,9.68,4.67
JSM-1,810,7,20.97,13.2,20.96,23.88,5.49,9.73,3.59
JSM-1,79,5,32.52,15.05,18.61,15.35,4.41,10.98,1.78
JSM-1,987,5,26.64,20.92,32.16,27.64,7.39,12.49,9.6
JSM-1,501,8,43.5,16.9,26.7,22.04,6.09,13.32,5.54
JSM-1,511,11,43.66,28.78,34.52,32,5.6,14.01,4.99
JSM-1,523,9,32.18,17.63,28.74,16.98,10.14,14.19,1.92
JSM-1,575,6,28.61,19.79,20.86,17.45,7.39,14.51,6.91
JSM-1,773,6,41.08,17.53,25.4,19.26,8.25,14.62,2.54
JSM-1,790,5,29.67,17.26,24.57,17.25,7.49,15.15,3.87
JSM-1,647,6,27.87,17.23,23.25,15.46,8.13,16,3.99
JSM-1,780,3,35.47,21.97,23.8,20.06,4.62,17.71,6.98
JSM-1,314,4,36.68,18.55,28.04,21.41,6.46,17.85,7.35
JSM-1,507,6,41.37,24.57,33.06,20.8,8.74,18.67,6.33
JSM-1,988,4,25.6,20.07,20.36,17.48,5.95,18.78,3.22
JSM-1,502,6,34.6,21.78,24.57,17.92,6.77,21.36,8.71
JSM-1,164,6,46.16,25.06,28.76,10.68,11.16,21.43,8.61
JSM-1,302,6,40.23,20.48,28.56,24.82,7.84,21.6,7.51
JSM-1,509,12,39.69,23.97,28.92,21.12,10.75,21.73,4.27
JSM-1,510,7,41.36,21.37,22.14,10.32,6.71,21.8,7.16
JSM-1,1087,7,34.68,21.4,20.87,14.32,8.49,21.8,8.82
JSM-1,576,7,24.06,23.27,31.9,19.72,7.45,22.72,5.88
JSM-1,504,4,42.54,24.83,31.23,24.97,6.58,23.37,9.99
JSM-1,531,5,21.72,21.32,21.71,6.79,6.57,23.68,6.77
JSM-1,1087,6,23.51,26.31,15.45,3.12,5.94,26.08,3.83
JSM-1,932,6,27.3,28.91,27.78,20.11,6.06,28.84,8.04
JSM-1,1088,7,55.89,42.48,42.42,32.17,10.74,30.98,8.45
JSM-1,508,4,33.8,30.87,31.58,18.88,7.04,31.24,9.29
JSM-1,505,5,57.38,49.12,47.59,33.01,8.67,32.15,4.18
JSM-1,309,9,44.77,35.48,31.06,21.07,12.1,32.82,6.12
JSM-1,506,7,39.3,34.3,39.09,27.64,8.93,36.44,7.18
JSM-1,503,5,53.69,39.23,39.44,35.01,9.35,37.94,12.79
JSM-1,301,13,47.47,43.98,43.19,20.57,9.26,40.24,14.25
JSM-1,x-100,6,88.82,47.07,56.73,41.69,15.37,43.28,8.53
Kebara X,412,5,41.03,15.53,17.6,7.3,3.87,3.76,1.63
Kebara X,474,3,32.23,19.16,18.14,9.3,4.94,5.81,2.1
Kebara X,465,3,47.87,12.83,17.51,6.9,6.73,6.33,4.62
Kebara X,171,5,43.86,12.15,22.02,5,4.66,7.15,2.38
Kebara X,351,5,55.49,11.39,21.53,8.67,5.69,7.6,3.18
Kebara X,348,5,47.69,14.52,19.45,1,4.74,10.02,1.8
Kebara X,468,4,50.98,15.45,15.29,2.6,6.12,12.23,4.06
Kebara X,120,10,60.06,18.14,30.1,16.66,8.77,12.56,5.04
Kebara X,313,4,45.5,24.84,20.56,3.52,5.36,12.98,4.66
Kebara X,75,4,37.7,15.61,18.76,2.3,2.8,13.68,3.31
Kebara X,80,5,32.2,22.5,21.96,2.5,3.81,13.85,5.6
Kebara X,251,5,49.04,23.33,25.04,1.3,6.73,14.91,4.63
Kebara X,261,5,54.26,17.02,14.82,4.7,4.88,14.95,2.73
Kebara X,458,3,54.29,18.42,16.24,4.1,4.21,15.07,7.07
Kebara X,225,4,36.28,21.17,21.42,2.7,5.45,15.38,3.71
Kebara X,118,5,39.31,21.54,24.74,6.1,4.71,15.84,3.17
Kebara X,260,5,30.56,17.2,30.9,1.3,7.04,15.99,4.52
Kebara X,239,4,69.15,28.59,32.61,25.1,7.21,16.62,5.18
Kebara X,459,3,54.94,21.14,15.21,1.7,3.69,16.89,4.71
Kebara X,457,3,41.9,18.59,18.94,1.8,6.96,17.02,3.82
Kebara X,287,3,37.38,17.74,18.75,6.71,2.62,17.08,4.48
Kebara X,151,4,35.94,19.17,27.03,7.9,3.55,17.52,4.44
Kebara X,1308,6,76.03,23.76,30.54,5.1,7.77,17.84,6.81
Kebara X,248,4,61.13,39.9,56.81,15.2,11.52,18.08,4.58
Kebara X,154,3,44.75,22.12,25.22,11.07,7.2,18.12,4.76
Kebara X,497,4,79.71,22.66,30.16,8,5.62,18.38,2.73
Kebara X,382,5,49.29,21.29,25.5,2.3,7.48,18.66,2.35
Kebara X,200,2,32.46,19,21.88,5.2,4.62,19.29,6.45
Kebara X,494,4,40.31,23.1,17.9,1.3,3.13,19.51,4.31
Kebara X,369,4,56.74,27.43,25.2,1.7,7.03,19.57,4.88
Kebara X,468,3,50.49,23.84,18.78,4.5,3.32,19.87,3.66
Kebara X,212,4,45.24,22.93,18.3,1.3,2.63,20.02,3.58
Kebara X,468,4,39.83,21.21,14.36,3.1,4.07,20.41,3.77
Kebara X,432,3,44.54,31.74,30.21,7.6,3.45,20.53,3.18
Kebara X,353,4,44.49,27.11,19.18,1.6,6.19,20.68,6.87
Kebara X,242,5,34.27,21.9,21.2,1.2,6.72,20.79,1.58
Kebara X,277,6,60.72,30.1,27.29,1.9,8.37,20.9,7.21
Kebara X,55,5,65.31,28.54,26.84,17.97,5.05,21.5,3.67
Kebara X,73,4,36.08,22.45,22.31,4.2,4.12,21.71,3.83
Kebara X,292,4,58.95,37.72,32.29,3.3,6.45,21.72,8.05
Kebara X,553,6,64.89,24.88,39.07,4.8,8.56,22.17,5.64
Kebara X,255,3,41.07,24.11,22.8,4.1,6.05,22.37,4.18
Kebara X,290,3,43.4,37.37,28.79,1.2,4.64,22.47,3.6
Kebara X,460,5,59.17,23.97,27.65,7.8,8.45,22.53,6.12
Kebara X,308,4,39.41,23.93,21.05,2.1,4.46,22.56,4.78
Kebara X,40,4,44.98,31.03,29.32,23.67,3.52,23.12,5.67
Kebara X,513,4,47.88,28.42,23.64,4.7,4.14,23.44,3.27
Kebara X,522,3,32.8,23.28,18.91,5.6,4.74,23.49,3.79
Kebara X,452,5,39.91,27.8,30.89,4.1,6.71,24.78,3.69
Kebara X,229,3,30.53,25.17,21.39,13.1,3.93,25.17,2.73
Kebara X,330,3,41.43,31.75,20.59,2.3,5.32,25.19,4.68
Kebara X,424,4,35.03,27.72,34.2,20.11,8.05,25.43,6.2
Kebara X,107,2,32.28,30.43,28.43,10.48,2.34,25.62,2.66
Kebara X,273,3,48.47,27.55,26.29,4.6,4.82,25.67,6.12
Kebara X,419,3,51.74,27.74,30.31,4.6,4.12,25.87,4.94
Kebara X,253,4,86.22,29.66,27.73,1.9,7.78,26.03,5.95
Kebara X,174,5,39.22,33.62,36.36,4.2,4.79,26.07,5.16
Kebara X,370,6,51.12,32.91,25.59,10.3,5.76,26.12,3.48
Kebara X,473,3,38,26.18,18.21,1.6,4.71,26.17,6.34
Kebara X,210,2,61.32,37.91,28,2.4,8.05,26.54,3.52
Kebara X,287,5,58.95,36.3,34.46,3.6,9.74,26.7,7.29
Kebara X,234,6,56.84,26.88,33.29,1.4,3.44,26.79,3.68
Kebara X,278,6,43.3,28.51,28.02,1.5,4.16,26.83,7.4
Kebara X,253,3,35.98,29.28,26.01,17.67,3.65,27.75,3.37
Kebara X,230,3,30.36,28.68,20.58,1.3,3.32,28.56,1.23
Kebara X,272,3,35.74,27.27,15.4,1.5,3.9,28.69,3.45
Kebara X,181,4,55.29,29.73,34.8,1.9,6.17,28.71,5.33
Kebara X,350,4,53.48,32.18,34.94,1.3,6.33,28.84,5.02
Kebara X,258,5,40.02,37.02,29.9,1.6,6.83,28.99,7.05
Kebara X,197,3,28.06,29.3,20.37,11.84,3.19,29.15,5.15
Kebara X,464,4,34.16,30.23,27.99,2.4,5.62,29.74,6.4
Kebara X,502,3,89.18,32.45,37.33,3.5,9.03,30.11,5.19
Kebara X,213,4,62.12,30.47,32.6,3.7,5.23,30.25,4.73
Kebara X,175,4,60.15,34.47,38.72,20.1,7.56,30.45,10.74
Kebara X,428,4,49.9,31.73,20.95,2.2,6.29,30.62,3.96
Kebara X,347,4,42.07,31.31,27.78,8.3,6.55,30.72,3.94
Kebara X,463,8,85.75,44.1,33.2,2.1,6.04,31.15,5.03
Kebara X,464,3,43.73,31.53,27.68,1,6.05,31.76,4.05
Kebara X,281,5,43.16,35.63,38.91,4.8,12.57,31.9,8.75
Kebara X,194,3,42.25,34.48,26.67,21.87,5.43,32.66,7.2
Kebara X,216,4,33.58,32.85,22.41,0.9,6.82,32.73,4.66
Kebara X,280,5,61.87,33.09,26.18,16.72,7.31,32.87,5.1
Kebara X,207,4,53.56,33.49,23.41,1.6,7.39,33.39,4.19
Kebara X,889,3,48.63,35.13,34.92,7.16,3.62,34.4,4.39
Kebara X,324,4,39.72,34.3,29.11,2.8,4.27,34.41,8.35
Kebara X,935,4,60.3,36.13,29.63,4,5.39,34.61,4.29
Kebara X,196,3,40.05,35.32,31.13,2.1,4.09,35.25,7.96
Kebara X,283,4,36.75,35.28,24.7,4.7,6.43,35.28,4.64
Kebara X,209,2,35.63,35.7,22,1.6,4.71,35.47,4.29
Kebara X,31,4,36.7,40.4,31.62,29.22,6.21,36.04,2.69
Kebara X,196,9,55.29,40.79,24.55,2.56,5.22,36.16,6.68
Kebara X,895,2,81.39,39.43,28.56,9.7,6.91,36.34,8.19
Kebara X,300,4,43.85,37.41,36.12,16.6,5.49,36.47,7.02
Kebara X,581,3,55.36,37.11,30.38,1.6,5.21,36.98,7.26
Kebara X,446,2,63.27,42.75,35.7,3.7,6.32,37.97,8.69
Kebara X,131,6,32.59,38.71,41.9,1.4,5.47,38.37,6.11
Kebara X,349,6,63.44,39.22,40.22,12.7,8.67,38.54,6.72
Kebara X,200,3,52.05,37.72,31.54,5.5,5.16,38.73,6.38
Kebara X,180,3,47.1,38.99,30.78,3.2,7.19,39.04,7.11
Kebara X,193,4,54.16,40.13,35.15,1.3,8.67,40.33,8.36
Kebara X,244,4,43.2,42.02,31.29,6.9,10.72,40.53,6.72
Kebara X,215,3,52.11,42.18,41.81,5.9,7.41,41.02,8.63
Kebara X,399,3,38.03,42.2,35.84,1.5,7.64,41.1,8.03
Kebara X,523,6,50.72,41.9,41.88,3.5,6.61,41.43,7.39
Kebara X,367,3,63.88,43.05,45.56,22,4.89,42.76,5.82
Kebara X,231,3,40.92,43.67,26.15,9.2,7.09,43.71,7.59
Kebara X,362,3,49.78,46.92,32.75,16.6,7.56,46.74,6.72
Kebara X,591,4,85.22,48.95,35.04,5.9,7.99,47.78,5.62
Kebara X,270,5,44.32,48.09,36.66,0.7,9.1,48.11,6.88
Kebara X,343,4,75.34,64.04,51.47,8.2,10.99,51.95,4.65
Kebara X,391,6,48.84,60.95,47.77,7.2,11.6,61.18,8.29
Kebara X,321,3,41.29,31.77,29.41,12.1,9.59,,4.77
Ksar Akil 28A,2321,7,57.33,13.54,33.42,8.4,6.36,7.02,2.95
Ksar Akil 28A,2265,7,80.44,28.61,37.33,10.19,8.45,12.49,5.37
Ksar Akil 28A,2317,4,37,21.33,23,4.61,5.63,15.25,6.56
Ksar Akil 28A,2079,5,73.99,31.07,44.57,43.08,8.01,15.29,8.66
Ksar Akil 28A,2502,5,53.01,18.78,24.39,10.52,7.64,15.81,6.8
Ksar Akil 28A,2040,4,35.3,17.1,15.05,2,4.5,16.64,5.2
Ksar Akil 28A,1890,6,69.59,28.27,32.64,26.71,7.33,16.89,7.18
Ksar Akil 28A,2331,3,36.14,17.11,16.39,1.46,5.05,17.08,6.28
Ksar Akil 28A,1667,3,47.15,18.92,13.13,3.58,4.7,17.84,3.24
Ksar Akil 28A,2691,5,58.59,23.96,34.58,17.2,3.99,18.09,5.12
Ksar Akil 28A,2663,5,70.92,20.27,30.34,18.52,9,18.83,4.28
Ksar Akil 28A,2158,3,47.36,21.46,21.5,11.79,4.3,19.24,3.69
Ksar Akil 28A,1521,3,48.4,20.77,30.57,6.46,8.67,19.39,8.12
Ksar Akil 28A,1421,4,48.09,21.61,20.39,1.9,4.35,19.89,9.13
Ksar Akil 28A,2068,6,68.73,33.86,41.22,3.66,10.58,20.76,11.75
Ksar Akil 28A,2249,4,46.92,20,25.29,2.45,9.34,21,9.91
Ksar Akil 28A,2071,5,62.95,23.2,28.59,26.73,4.97,21.2,7.72
Ksar Akil 28A,1526,5,52.94,21.48,28.22,4.67,10.57,21.27,8.61
Ksar Akil 28A,1201,6,51.73,21.75,27.64,2.14,7.23,21.37,7.42
Ksar Akil 28A,1487,4,53.47,21.95,22.16,6.62,6.39,21.72,5.23
Ksar Akil 28A,2507,8,73.54,33.01,55.08,35.33,11.55,22.03,12.12
Ksar Akil 28A,2005,3,51.2,24.35,25.27,7.05,5.86,22.69,8.87
Ksar Akil 28A,2283,8,39.08,22.7,31.69,6.86,8.37,22.79,6.53
Ksar Akil 28A,1118,6,61.14,25.28,29.11,11.74,6.94,22.83,7.17
Ksar Akil 28A,2087,3,46.73,23.19,26.92,3.99,7.09,23.06,8.92
Ksar Akil 28A,2250,4,41.77,23.21,27.75,1.59,7.29,23.33,7.59
Ksar Akil 28A,1990,3,48.89,25.79,29.57,2.29,6.12,23.87,6.06
Ksar Akil 28A,2649,11,89.99,23.7,39.02,37.97,8.05,23.89,7.54
Ksar Akil 28A,2256,5,53.62,38.74,37.13,30.19,4.49,25.09,4.72
Ksar Akil 28A,2208,4,39.8,26.38,26.08,2.52,5.04,25.29,5.77
Ksar Akil 28A,2233,4,52.93,26.88,41.44,4.51,9.13,25.33,7
Ksar Akil 28A,1389,3,54.18,27.69,28.15,3.55,7.89,26.21,8.12
Ksar Akil 28A,1140,7,64.08,28.97,26.59,1.65,7.49,26.76,7.96
Ksar Akil 28A,1504,0,56.04,28.15,25.92,2.7,5.98,26.77,3.61
Ksar Akil 28A,2248,4,59.36,29.94,31.46,1.37,7.57,26.8,6.92
Ksar Akil 28A,1849,5,62.49,28.73,34.31,26.23,5.13,27.19,6.31
Ksar Akil 28A,1563,4,57.51,34.7,28.76,4.49,4.8,27.44,7.28
Ksar Akil 28A,2219,3,46.29,26.41,26.15,4.43,6.45,27.59,5.49
Ksar Akil 28A,2252,5,52.34,23.17,24.45,1.57,5.29,27.79,7.4
Ksar Akil 28A,2195,5,69.42,30.22,34.16,2.07,12.54,28.62,8.95
Ksar Akil 28A,2274,4,49.46,32.94,30.71,9.23,5.12,28.65,5.4
Ksar Akil 28A,2551,6,53.43,37.2,43.01,47.48,4.73,28.92,
Ksar Akil 28A,1531,4,50.26,29.21,26.58,5.26,5.99,29.13,9.6
Ksar Akil 28A,1544,3,57.27,29.95,38.73,1.97,12.15,29.32,13.93
Ksar Akil 28A,1399,4,55.53,29.63,32.5,2.54,9.29,29.45,10.05
Ksar Akil 28A,2542,6,62.49,32.48,37.91,22.05,6.36,29.64,8.13
Ksar Akil 28A,1511,5,54.31,30.59,28.71,3.32,8.08,30.02,5.93
Ksar Akil 28A,1522,7,61.54,31.86,34.84,3.91,10.84,30.55,9.26
Ksar Akil 28A,1579,4,38.57,31.41,23.18,2.88,2.48,31.02,1.79
Ksar Akil 28A,1425,3,53.92,31.13,27.5,4.46,8.79,31.1,10.19
Ksar Akil 28A,1927,5,63.6,39.27,55.13,30.22,13.52,31.16,15.51
Ksar Akil 28A,2282,3,46.4,32.29,35.99,30.95,9.48,31.18,9.42
Ksar Akil 28A,2221,4,49.69,32.96,31.16,2.37,9.33,31.24,8.91
Ksar Akil 28A,2084,3,36.94,31.13,24.51,2.68,7.21,31.59,9.29
Ksar Akil 28A,2082,5,44.99,30,32.78,5.07,8.88,31.77,9.82
Ksar Akil 28A,1535,5,43.45,38.26,30.94,3.96,6.5,32.07,5.7
Ksar Akil 28A,2065,7,61.93,33.63,27.09,19.44,5.55,32.11,8.06
Ksar Akil 28A,2026,5,75.19,32.27,28.44,1.82,6.88,32.16,8.09
Ksar Akil 28A,2247,4,57.41,33.65,36.07,14.85,7.6,32.39,6.24
Ksar Akil 28A,1577,6,73.69,34.54,42.03,2.24,6.36,33.49,7.04
Ksar Akil 28A,2036,3,36.63,33.94,31.84,10.46,11.02,33.7,10.93
Ksar Akil 28A,1184,2,65.39,36.38,26.13,4.18,4.97,33.79,4.77
Ksar Akil 28A,2066,7,65.62,35.18,34.47,23.01,8.97,34.1,9.73
Ksar Akil 28A,2058,5,53.35,34.81,29.28,4.44,4.09,34.19,
Ksar Akil 28A,1168,4,55.66,34.59,31.91,11.45,6.92,34.48,6.62
Ksar Akil 28A,2806,3,56.01,34.4,41.47,39.81,8.71,34.78,8.72
Ksar Akil 28A,2518,5,70.57,37.86,46.99,21.32,10.08,35.68,12.48
Ksar Akil 28A,2364,4,60.74,27.02,38.35,51.13,11.39,35.7,12.48
Ksar Akil 28A,1512,6,53.28,36.31,23.08,3.57,6.93,35.77,6.94
Ksar Akil 28A,2519,7,42.71,37.61,37.84,9.06,12.06,37.07,14.36
Ksar Akil 28A,2197,3,70.28,38.76,37.4,13.47,9.11,37.42,7.61
Ksar Akil 28A,2239,5,55.82,33.43,39.24,23.49,6.18,37.86,8.68
Ksar Akil 28A,2063,4,79.59,40.67,36.13,7.25,12.24,38.61,9.89
Ksar Akil 28A,2525,3,51.66,39.82,40.51,31.75,7.63,38.68,11.1
Ksar Akil 28A,2064,5,54.74,39.37,35.57,5.08,8.31,39.3,8.36
Ksar Akil 28A,1555,4,93.07,40.05,37.41,10.73,9.04,39.62,9.27
Ksar Akil 28A,2257,3,56.05,41.19,40.59,36.15,5.02,40.35,6.98
Ksar Akil 28A,1111,3,45.66,40.8,34.1,6.24,7.92,40.59,4.8
Ksar Akil 28A,1400,3,53,38.28,33.1,4.2,8.67,40.61,10.91
Ksar Akil 28A,1938,6,76.36,40.24,36.55,41.46,10.77,40.79,10.87
Ksar Akil 28A,2088,7,40.63,41.12,37.18,12.91,8.16,41.98,11.05
Ksar Akil 28A,2201,3,59.33,47.69,49.15,31.93,10.16,42.71,15.56
Ksar Akil 28A,2061,4,65.31,46.78,45.24,47.66,14.86,43.91,13.33
Ksar Akil 28A,2021,6,68.68,44.56,50.54,8.73,9.11,44.49,10.49
Ksar Akil 28A,2244,3,82.4,46.64,47.37,4.43,9.68,45.18,16.85
Ksar Akil 28A,2188,5,63.68,45.81,36.26,3.23,8.22,45.4,8
Ksar Akil 28A,1578,3,60.8,46.16,38.99,1.88,10.06,46.03,8.06
Ksar Akil 28A,2217,5,60.53,49.86,44.26,6.04,8.25,49.8,4.41
Ksar Akil 28A,1551,6,71.56,52.84,48.21,7.11,11.7,51.43,11.21
Ksar Akil 28A,2020,6,65.02,53.43,35.32,12.73,8.09,53.42,7.26
Ksar Akil 28A,1528,4,46.4,53.6,42.18,3.64,8.41,53.78,10.38
MDF-61,968,7,58.61,27.86,38.68,34.7,8.23,12.62,5.79
MDF-61,853,7,48.82,22.96,43.57,25.08,7.7,16.67,8.88
MDF-61,25,7,68.05,17.37,38.67,16.34,9.09,16.76,4.69
MDF-61,966,5,44.56,18.75,32.53,27.93,5.67,17.15,5.22
MDF-61,925,6,63.29,42.88,50.07,34.58,12.1,17.75,11.97
MDF-61,1258,6,51.42,30.53,33.77,32.29,8.17,17.83,7.3
MDF-61,1275,7,51.51,26.66,38.54,28.65,7.77,18.09,5.44
MDF-61,832,4,44.08,20.12,40.95,33.78,6.41,18.5,9.94
MDF-61,868,9,55.63,22.98,43.87,25.27,7.73,18.7,8.17
MDF-61,1568,6,31.34,25.96,32.57,32.67,7.1,18.97,4.52
MDF-61,856,9,47.56,20.6,43.87,47.07,8.11,19.25,8.71
MDF-61,942,5,47.74,22.15,41.79,36.15,7.81,19.53,7.76
MDF-61,1233,7,76.49,35.44,33.47,15.68,7.73,19.58,5.4
MDF-61,1255,7,51.66,22.67,48.99,29.65,7.96,20.04,10.22
MDF-61,872,9,61.14,26.56,35.93,32.39,10.41,20.14,8.6
MDF-61,1231,5,58.18,31.97,43.07,22.73,10.63,20.24,9.25
MDF-61,895,6,48.48,33.99,36.35,18.28,9.45,20.52,5.45
MDF-61,1208,6,47.54,24.98,33.4,29.7,8.08,20.73,7.94
MDF-61,972,5,45.03,22.83,40.99,31.23,7.4,20.99,7.67
MDF-61,969,8,48.67,33.08,43.93,44.67,9.16,21.18,7.05
MDF-61,940,5,39.73,32.11,38.26,31.22,7.1,21.48,5.36
MDF-61,1254,8,78.87,36.41,57.85,36.92,12.06,21.53,9.52
MDF-61,919,5,42.42,30.15,38.88,32.56,8.03,21.74,8.78
MDF-61,1009,2,24.7,22.51,28.17,23.3,6.9,21.93,10.47
MDF-61,986,7,55.18,30.29,43.81,43.32,8.58,21.94,5.73
MDF-61,813,6,36.9,26.53,43.74,29.63,6.68,22.87,8.13
MDF-61,1205,6,58.14,40.92,55.68,53.06,7.15,22.97,4.48
MDF-61,882,8,61.6,26.28,39.04,35.61,9.48,23.04,9.73
MDF-61,1027,5,25.07,25.18,24.48,16.76,6.99,23.25,7.24
MDF-61,32,6,52.44,30.02,43.01,7.63,7.19,23.44,5.49
MDF-61,1252,7,63.21,27.15,37.22,4.68,8.42,23.73,10.47
MDF-61,927,10,45.1,25.16,36.32,31.72,10.81,23.95,10.39
MDF-61,1230,11,65.17,28.07,33.11,30.47,7.68,24.24,10.43
MDF-61,928,3,57.18,42.44,49.17,38.78,10.24,24.48,5.57
MDF-61,81,5,55.77,25.46,28.29,20.07,8.35,24.52,6.29
MDF-61,1260,6,50.22,26.99,36.49,29.29,5.71,24.65,11.6
MDF-61,888b,5,51.94,37.24,34.19,26.3,9.21,24.78,5.94
MDF-61,984,8,53.9,26.99,41.62,15.09,13.04,25.55,11.99
MDF-61,1211,5,58.38,31.35,41.02,31.05,8.11,25.66,8.88
MDF-61,92,5,47.53,26.31,31.55,28.19,6.11,25.84,9.01
MDF-61,1503,5,62.09,34.33,45.56,29.73,8.82,27.19,9.45
MDF-61,936,6,47.76,39.9,37.47,33.97,4.82,27.27,4.98
MDF-61,1554,6,32.49,31.61,41.89,42.43,5.14,27.99,6.5
MDF-61,1243,6,64.66,33.63,51.38,41.7,10.66,28.18,7.43
MDF-61,842,11,69.84,43.08,59.1,40.7,15.22,29.38,7.14
MDF-61,1207,7,62.07,44.64,51.86,57.19,11.13,29.42,6.52
MDF-61,959,6,50.11,27.41,47.51,41.19,11.18,30.01,7.54
MDF-61,1225,5,63.08,34.84,47.14,44.84,6.21,30.14,10.38
MDF-61,985,4,53.31,37.56,34.27,11.32,10.29,30.37,12.83
MDF-61,1256,6,61.51,32.43,47.99,33.78,10.16,30.39,11.36
MDF-61,1263,9,55.75,34.95,36.26,29.4,6.69,31.07,10.81
MDF-61,1232,6,60.77,43.25,37.61,8.56,8.66,31.11,9.54
MDF-61,1271,8,55.8,46.06,49.23,48.02,7.86,31.23,6.37
MDF-61,1236,7,64.32,34.86,41.58,33.91,6.65,31.84,8.65
MDF-61,848,7,45.88,30.57,59.04,57.26,7.75,32.12,9.38
MDF-61,1267,8,58.68,35.66,47.24,38.51,7.57,32.66,9.65
MDF-61,1221,5,83.39,39.01,59.3,41.35,10.23,32.75,13.53
MDF-61,1220,5,56.62,36.79,39.04,17.07,8.51,33.12,7.67
MDF-61,1035,7,49.59,32.53,47.12,42.68,12,33.41,13.08
MDF-61,1219,6,55.16,35.48,39.75,32.82,8.46,34.69,8.33
MDF-61,808,6,42.53,33.09,26.57,7.87,8.16,35.2,8.71
MDF-61,164,4,59.34,38.54,40.38,34.33,7.52,35.64,8.46
MDF-61,923,5,53.98,39.25,50.17,36.61,11.1,35.75,11.82
MDF-61,915,6,56.79,36.33,54.99,13.77,10.6,36.14,12.4
MDF-61,843,6,41.93,34.21,42.1,40.37,7.03,36.28,11.15
MDF-61,1237,7,50.65,35.28,46.96,45.56,6.67,36.68,12.51
MDF-61,976,4,49.39,45.64,53.76,49.04,13.86,37.19,11.6
MDF-61,1216,6,54.38,38.93,50.45,45.63,11.59,37.44,11.42
MDF-61,899,7,67.18,38.84,44.84,23.91,9.12,37.57,8.1
MDF-61,833,9,75.51,46.75,45.18,45.97,9.03,37.66,11.62
MDF-61,911,4,57.54,41.43,53.87,39.57,6.99,37.73,7.19
MDF-61,955,8,54.57,47.28,47.11,47.42,9.31,38.03,12.22
MDF-61,952,9,72.09,62.43,55.97,46.71,11.5,38.29,10.96
MDF-61,601,6,57.18,40.51,57.81,41.77,8.59,38.3,6.63
MDF-61,815,6,50.17,46.06,38.19,30.99,10.91,39.13,8.98
MDF-61,1280,6,48.38,47.56,56.65,51.29,12.6,40.2,14.18
MDF-61,883,6,58.98,47.51,53.85,43.02,13.63,41.91,12.78
MDF-61,941,9,52.64,48.62,59.08,54.65,12.09,42.47,10.43
MDF-61,1227,5,63.23,43.32,58.51,49.48,11.54,42.75,11.83
MDF-61,812,6,38.95,31.6,44.18,34.47,6.87,,
Qafzeh XIX,47,3,35.06,22.86,23.21,10.39,4.72,3.45,1.67
Qafzeh XIX,755,7,31.02,18.17,32.76,21.33,6.94,4.61,2.39
Qafzeh XIX,73,5,35.65,15.23,12.24,10.52,5.19,4.91,1.87
Qafzeh XIX,2,10,44.53,15.75,22.86,12,3.37,5.74,2.53
Qafzeh XIX,731,4,53.42,20.53,24.48,6.34,5.35,6.74,4.15
Qafzeh XIX,2252,4,26.28,13.23,18.69,8.51,2.01,6.89,1.09
Qafzeh XIX,40,6,33.65,16,26.07,14.87,2.27,7.68,1.83
Qafzeh XIX,45,4,30.18,14.44,17.08,18.82,2.31,7.97,2.3
Qafzeh XIX,79,3,40.23,17.87,23.54,15,5.91,8.11,4.56
Qafzeh XIX,522,9,36.79,25.98,27.04,7.99,6.62,9.99,3.53
Qafzeh XIX,325,5,47.16,17.35,19.53,7.17,4.41,10.3,3.19
Qafzeh XIX,27,4,28.07,12.94,14.4,10.81,3.27,10.98,1.58
Qafzeh XIX,7,7,24.63,17.9,20.92,13.06,2.56,11.03,3.6
Qafzeh XIX,32,3,28.79,14.4,23.03,14.75,5.49,11.24,4.81
Qafzeh XIX,525,4,48.61,29.58,24.45,23,10.9,11.76,2.59
Qafzeh XIX,44,4,38.88,16.78,31.32,6.3,5.12,13.02,2.41
Qafzeh XIX,2653,6,25.8,18.3,22.03,14.3,4.75,13.09,3.77
Qafzeh XIX,,6,26.88,15.41,14.93,10.45,2.52,13.14,4.8
Qafzeh XIX,33,5,31.2,18.28,21.44,6,3.6,13.36,3
Qafzeh XIX,747,3,31,17.18,23.97,16.33,3.78,13.49,3.89
Qafzeh XIX,779,7,59.48,26.83,18.23,17,5.62,13.5,2.79
Qafzeh XIX,16,4,30.87,25.93,20.77,7,2.03,13.92,3.37
Qafzeh XIX,358,5,38.31,24.88,18.79,13,3.23,13.97,5.09
Qafzeh XIX,B11,4,27.3,17.71,23.58,8,6.26,14.32,4.03
Qafzeh XIX,71,6,30.04,18.17,18.97,11.26,3.41,14.57,5.18
Qafzeh XIX,2567,5,29.75,19.64,28.88,10.39,4.21,14.71,2.17
Qafzeh XIX,23,7,34.28,30,40.8,14.06,9.56,15.5,2.12
Qafzeh XIX,284,5,53.1,23.51,26.22,7.71,6.07,15.81,3.73
Qafzeh XIX,17,4,29.88,22.3,33.45,13.72,2.59,15.93,2.96
Qafzeh XIX,616,4,54.48,30.01,35.1,19.65,6.72,16.13,4.63
Qafzeh XIX,111,5,73.56,24.36,26.28,16,7.27,16.77,4.61
Qafzeh XIX,274,7,67.07,28.54,36.89,30.99,8.05,17.65,7.56
Qafzeh XIX,2593,3,19.92,18.2,19.74,13.3,5.05,17.87,4.7
Qafzeh XIX,42,4,29.7,24,25.35,12,5.27,17.98,5.38
Qafzeh XIX,427,5,45.64,20.15,23.84,8,8.87,17.99,1.93
Qafzeh XIX,446,8,66.23,30.97,37.39,13.04,6.65,18.14,7.14
Qafzeh XIX,33,3,36.12,25.8,39.75,16,5.02,18.17,5.75
Qafzeh XIX,35,6,30.25,21.63,22.8,7.09,3.4,18.79,4.7
Qafzeh XIX,372,6,29.96,19.99,25.23,,5.39,19.64,6.58
Qafzeh XIX,735,5,43.46,22.18,28.71,8.91,2.94,20.49,3.77
Qafzeh XIX,1,5,33.39,22.19,26.76,11.87,5.66,20.6,1.95
Qafzeh XIX,360,6,43.93,26.54,29.65,18.17,8.07,20.69,5.35
Qafzeh XIX,410,3,71.22,32.32,49.1,13,10.75,20.84,11.92
Qafzeh XIX,739,5,36.9,44.38,30.26,12.62,4.79,20.88,4.84
Qafzeh XIX,730,4,22.6,21.77,26.37,23.24,6.03,20.93,5.65
Qafzeh XIX,32,7,19.4,23.44,20.44,15,4.18,22.05,5.55
Qafzeh XIX,24,5,38.28,21.21,35.31,17.88,9.14,22.8,4.52
Qafzeh XIX,563,3,58.74,25.74,42.2,8,5.11,23.35,5.51
Qafzeh XIX,277,8,35.2,25.08,27.27,25,6.31,24,5.96
Qafzeh XIX,16,3,27.68,24.45,25.69,11,5.62,24.05,6.11
Qafzeh XIX,2651,3,20.18,26.23,21.54,11.2,3.55,24.74,3.38
Qafzeh XIX,176,5,31.36,29.45,36.76,14,4.89,25.37,2.4
Qafzeh XIX,21,6,52.11,28.22,28.86,10.68,9.51,27.28,5.57
Qafzeh XIX,4,5,65.73,25.81,30.43,10.71,8.9,27.86,3.66
Qafzeh XIX,24,4,30.24,29.78,30.51,23.35,5.58,28.07,3.77
Qafzeh XIX,621,7,25.95,32.96,30.71,17,5.54,29.96,5.33
Qafzeh XIX,31,6,65.23,43.86,42.88,19.91,8.52,30.14,11.84
Qafzeh XIX,501,9,38.04,33.97,39.38,8.74,5.68,31.13,6.69
Qafzeh XIX,449,13,80.35,50.06,44.97,27,10.48,31.53,4.67
Qafzeh XIX,417,6,27.24,33.61,29.48,12.93,5.2,33.25,1.88
Qafzeh XIX,744,8,46.15,35.05,25.93,21,4.34,34.65,8.78
Qafzeh XIX,145,9,50.13,42.58,39.01,25.36,7.51,36.47,4.76
Qafzeh XIX,281,3,53.97,27.25,37.19,17.07,6.39,36.66,5.94
Qafzeh XIX,404,3,27.32,33.93,38.23,31.3,8.71,38.02,8
Qafzeh XIX,21,8,46.36,42.89,39.96,12.09,6.96,39.03,10.6
Qafzeh XIX,2525,3,20.43,40.7,40.87,27,8.43,39.32,4.67
Qafzeh XIX,619,5,42.93,42.43,58.82,38,11.19,41.82,3.91
Qafzeh XIX,5,6,55.23,38.88,36.71,15.83,7.02,42.37,5.53
Qafzeh XIX,9,3,49.53,31.04,40.39,22,11.71,50.76,7.9
Qafzeh XIX,,6,,,32.47,16,5.15,,
Tor Faraj,10,4,40.9,7.16,15.04,16.59,4.69,5.7,2.21
Tor Faraj,102,3,39.95,12.32,12.78,2.03,2.21,7.67,2.52
Tor Faraj,UC 14,3,27.91,15.03,13.68,2.76,2.07,8.43,2.25
Tor Faraj,2,3,51.7,6.72,11.82,2.72,4.93,8.88,2.11
Tor Faraj,236,5,79.09,11.44,25.83,23.33,5.31,9.67,4.38
Tor Faraj,4,3,46.78,26.79,20.58,1.37,4.43,11.22,4.36
Tor Faraj,4,3,61.58,26.64,27.97,0.93,3.73,13.1,4.76
Tor Faraj,UC 22,3,57.24,41.12,27.45,3.95,5.32,13.13,2.85
Tor Faraj,10,4,39.44,14.17,26.47,9.13,5.69,13.17,6.55
Tor Faraj,535,4,43.75,27.88,22.98,2.73,5.07,14.13,6.17
Tor Faraj,UC 18,3,31.57,16.43,16.28,2.57,5.38,14.8,5.11
Tor Faraj,200,3,61.95,14.45,26.96,5.11,3.65,15.27,3.37
Tor Faraj,202,4,27.53,18.56,28.4,27.7,5.65,15.74,6.4
Tor Faraj,204,3,26.48,18.31,16,6.45,3.04,16.04,4.86
Tor Faraj,13,6,51.21,14.46,23.72,1.42,5.06,16.18,3.59
Tor Faraj,212,4,32.3,15.11,10.96,0.61,3.11,16.21,3.68
Tor Faraj,217,3,25.77,16.13,12.85,3.77,2.42,16.35,2.16
Tor Faraj,7,6,31.11,19.98,19.74,7.27,4.45,16.41,5.04
Tor Faraj,14,3,33.32,16.31,21.57,4.22,2.56,17.39,2.09
Tor Faraj,17,4,46.23,21.31,17.02,1.82,4.72,17.52,3.54
Tor Faraj,6,6,45.33,19.07,27.04,0.95,7.45,17.83,6.14
Tor Faraj,7,4,48.25,23.8,32.54,19.29,5.09,17.98,5.68
Tor Faraj,507,3,53.04,21.1,34.99,1.43,10.26,18,4.43
Tor Faraj,24,3,35.24,20.5,29.33,13.45,5.61,18.04,7.48
Tor Faraj,16,3,35.11,19.93,20.79,1.27,3.74,18.38,4.19
Tor Faraj,224,3,30.44,15.03,16.22,11.29,2.85,18.65,3.45
Tor Faraj,205,3,44.8,20.45,28.07,3.45,4.83,19.3,4.14
Tor Faraj,227,4,52.1,23.46,30.49,17.68,8.73,19.88,9.02
Tor Faraj,6,5,57.11,21.55,24.9,13.36,4.77,20.35,5.87
Tor Faraj,UC10,3,59.85,24.91,22.85,1.37,6.71,21.22,4.08
Tor Faraj,13,3,52.71,21.85,26.74,5.74,6.52,21.29,4.52
Tor Faraj,261,7,42.3,21.44,22.43,11.47,5.17,21.47,5.48
Tor Faraj,260,5,30.23,22.86,34.68,30.51,6.32,21.7,4.24
Tor Faraj,232,5,67.01,18.71,26.14,9.55,6.41,21.86,7.97
Tor Faraj,UC 19,3,71.15,28.51,31.72,5.6,7.3,22.07,4.62
Tor Faraj,1,4,49.97,27.43,27.76,1.08,4.34,22.56,4.21
Tor Faraj,195-2,3,30.15,21.93,16.04,3.19,2.87,22.57,2.28
Tor Faraj,6,3,52.81,29.19,35.67,15.43,4.23,22.62,3.76
Tor Faraj,9,3,39.01,23.43,24.84,7.52,4.96,22.71,5.97
Tor Faraj,4,4,63.79,21.99,29.43,1.08,8.94,22.94,5.45
Tor Faraj,234,6,53.47,23.59,21.42,10.38,7.06,23.01,6.43
Tor Faraj,2,3,68.53,24.6,20.06,0.9,4.85,23.1,4.4
Tor Faraj,4,3,54.42,22.43,26.36,20.81,7.21,23.28,3.9
Tor Faraj,19,3,63.5,50.07,46.44,3.01,8.05,23.47,5.01
Tor Faraj,226,6,44.04,43.55,38.9,7.95,8.5,23.53,7.2
Tor Faraj,6,6,46.04,28.18,38.57,26.27,6.83,23.91,6.64
Tor Faraj,15,3,44.6,32.89,20.61,3.49,4.02,24.3,3.61
Tor Faraj,16,4,55.4,17.46,31.68,13.07,5.04,24.45,3.88
Tor Faraj,198,4,49.55,28.44,20.82,4.73,6.28,25.07,6.79
Tor Faraj,1,4,53.17,24.26,23.81,8.29,5.64,25.16,5.72
Tor Faraj,233,5,38.71,29.91,34.24,23.16,10.09,25.41,7.67
Tor Faraj,203,3,22.74,26.69,31.02,25.94,3,25.69,5.06
Tor Faraj,230,6,30.26,29.6,37.44,32.78,5.15,26.33,4.52
Tor Faraj,216,3,48.5,26.05,33.04,11.7,5.49,26.86,4.94
Tor Faraj,3,3,46.75,25.6,30.2,1.01,4.37,26.91,5.07
Tor Faraj,25,3,58.9,28.66,17.6,1.31,6.19,27.2,5.77
Tor Faraj,UC6,3,58.51,36.53,28.05,2.37,6.35,27.28,5.91
Tor Faraj,277,6,41.83,25.81,36.99,28.78,7.65,27.43,7.98
Tor Faraj,4,5,53.69,25.36,18.46,5.04,4.94,27.66,4.99
Tor Faraj,UC9,4,66.27,28.23,27.24,2.14,5.75,28.18,6.23
Tor Faraj,7,4,56.18,17.72,30.54,11.08,5.21,28.2,4.91
Tor Faraj,201,6,81.57,27.13,28.11,10.68,7.13,28.74,3.85
Tor Faraj,208,7,91.72,30.27,22.36,3.33,7.4,29.25,11.78
Tor Faraj,213,6,74.93,52.77,42.3,4.28,7.71,29.28,6.06
Tor Faraj,5,3,55.07,28.66,24.57,2.32,5.41,29.53,6.67
Tor Faraj,220,3,63.53,30.75,25.18,6.99,8.37,30.54,8.53
Tor Faraj,3,3,69.27,39.57,31.67,4.68,8.53,30.68,7.21
Tor Faraj,102,4,55.7,33.56,22.48,5.39,7.02,38.86,6.46
Tor Faraj,258,3,51.94,20.92,23.25,4,4.28,31.27,3.93
Tor Faraj,1,4,59.17,32.96,36.21,1.13,8.29,31.47,10.9
Tor Faraj,4,3,39.5,28.8,35.77,18.37,5.02,32.2,4.91
Tor Faraj,197,4,53.77,31.13,26.2,2.28,2.93,32.72,4.25
Tor Faraj,8,4,73.74,34.64,33.83,3.35,9.13,33.23,10.15
Tor Faraj,6,6,50.02,36.42,30.14,0.87,8.87,33.45,8.76
Tor Faraj,5,4,61.74,31.66,31.98,24.78,5.35,33.59,4.79
Tor Faraj,UC5,3,50.58,26.26,23.49,2.35,4.19,33.86,4.77
Tor Faraj,4,3,35.34,35.48,34.35,3.06,4.45,34.84,3.58
Tor Faraj,UC 17,3,45.24,34.82,32.02,2.2,7.04,37.4,7.42
Tor Faraj,225,3,72.33,42.28,37.91,4.71,7.92,37.67,8.68
Tor Faraj,UC21,3,55.29,40.98,28.98,1.7,5.04,38.01,4.85
Tor Faraj,279,3,46.19,34.58,29.76,21.14,9.51,38.12,3.77
Tor Faraj,19,3,52.19,45.34,35.88,11.14,8.99,38.22,9.4
Tor Faraj,14,3,32.22,40.37,39.82,18.34,7.58,38.45,8.98
Tor Faraj,101,4,55.7,33.56,22.48,5.39,4.03,38.86,6.46
Tor Faraj,3,5,62.09,36.74,30.68,4.27,4.83,39.63,4.28
Tor Faraj,5,5,57.56,36.68,34.91,30.33,7.68,39.82,7.56
Tor Faraj,231,2,55.36,39.97,34.7,1.27,9.51,40.2,8.4
Tor Faraj,18,3,36.18,37.01,28.62,1.36,6.45,40.28,7.21
Tor Faraj,2,4,40.26,35.56,30.28,6.73,6.12,41.07,7.3
Tor Faraj,223,4,50.81,41.91,39.9,16.32,9.76,41.26,9.68
Tor Faraj,5,3,46.48,36.55,27.31,1.14,6.21,42.42,6.84
Tor Faraj,3,3,53.06,42.11,20.5,4.94,5.88,42.44,6.13
Tor Faraj,UC15,3,68.91,34.76,28.95,1.25,7.89,42.54,6.16
Tor Faraj,6,3,46.94,42.09,29.75,1.74,7.11,42.7,7.63
Tor Faraj,219,3,64.93,42.83,40.33,1.15,8.09,42.97,10.44
Tor Faraj,24,3,41.71,39.61,24.42,2.82,4.45,44,4.66
Tor Faraj,218,4,46.24,33.18,32.61,17.7,6.63,44.31,5.41
Tor Faraj,553,4,30.7,30.6,24.19,9.33,5.78,30.83,4.24
Tor Faraj,1,3,61.7,50.07,43.36,0.95,7.47,45.08,8.28
Tor Faraj,3,3,66.83,42.41,37.43,1.39,8.76,47.34,7.95
Tor Faraj,2,3,46.18,45.21,32.27,1.82,5.21,48.36,4.33
Tor Faraj,UC8,3,55.97,38.72,20.37,2,4.82,49.92,3.86
Tor Faraj,254,3,69.72,53.01,37.65,1.39,7.24,52.28,7.54
Tor Faraj,251,3,52.25,44.96,29.53,1.24,5.1,54.1,5.86
Tor Faraj,15,6,70.17,53.39,40.14,9.21,11.15,56.17,7.68
Tor Faraj,UC1,5,55.64,44.26,30.02,1.98,6.57,58.15,8.08
Tor Faraj,UC11,4,63.38,50.74,34.97,13.05,6.23,58.51,4.95
Tor Faraj,UC7,3,75.01,54.22,35.18,1.26,7.17,58.84,6.81
Wusta,202,6,32.75,12.73,18.79,14.39,3.45,4.14,1.34
Wusta,324,7,27.32,9.97,15.47,15.11,4.92,6.58,1.42
Wusta,359,7,19.21,11.15,19.12,16.82,6.28,6.87,3.29
Wusta,378,4,22.67,14.23,17.39,13.79,5.94,7.39,3.02
Wusta,709,5,15.3,8.74,11.47,9.17,2.84,8.52,1.82
Wusta,232,6,35.1,9.66,20.01,16.51,5.13,8.77,4.77
Wusta,360,4,23.09,13.68,22.36,27.2,10.79,8.92,3.26
Wusta,xx11,8,25.09,20.7,25.8,32.68,6.46,9.03,2.33
Wusta,181,7,56.99,19.26,32.2,20.48,7.85,9.08,3.24
Wusta,304,4,23.75,14.45,20.33,19.59,5.24,9.12,3.36
Wusta,715,6,22.24,9.33,16.24,13.8,5.55,9.69,5.45
Wusta,0.857142857142857,4,66.3,22.43,34.52,22.88,7.91,9.85,3.59
Wusta,51,7,43.67,17.38,34.62,22.57,9.04,10.32,2.95
Wusta,91,6,38.12,29.25,32.79,28.85,11.7,11.09,4.45
Wusta,236,6,21.63,18.44,20.35,17.1,7.74,11.22,3.65
Wusta,704,3,30.42,14.65,16.32,15.78,3.35,11.26,2.52
Wusta,216,5,25.2,15.96,25.25,32.81,7.95,12.16,5.15
Wusta,261,5,28.32,16.95,18.85,13.39,4.83,14.52,3.36
Wusta,258,7,21.41,15.43,17.57,12.14,6.47,14.87,6.17
Wusta,106,5,28.1,18.31,17.64,11.34,4.3,15.48,4.51
Wusta,185,3,43.32,23.91,29.68,21.57,9.06,17.96,8.64
Wusta,272,8,36.38,28.03,37.6,27.44,12.32,18.94,6.15
Wusta,71,8,41.39,24.73,26.23,17.56,5.18,19.22,3.65
Wusta,313,4,25.44,20.49,20.69,14.06,4.78,19.6,7.6
Wusta,xx21,9,55.45,23.18,28.68,16.28,6.24,19.85,7.66
Wusta,259,3,20.71,22.05,16.36,3.04,5.3,21.91,5.78
Wusta,392,9,24.01,26.03,28.6,33.06,8.37,23.79,10.11
Wusta,236,6,35.11,25.34,30.09,23.12,9.88,24.62,12.35
Wusta,112,3,33.88,26.76,34.19,23.92,7.64,27.26,6.56
Wusta,298,4,22.17,29.55,26.99,21.3,9.2,29.51,10.56
Wusta,716,6,50.66,28.97,26.73,20.26,8.12,29.58,9.16
Wusta,200,6,46.22,24.16,35.42,11.3,11.83,32.77,12.37
Wusta,256,3,37.35,38.27,43.52,4.91,12.98,41.22,17.14
ALM-3,100.00,4.00,61.37,27.13,36.17,28.46,9.48,25.18,6.05
ALM-3,130.00,5.00,71.77,41.15,45.11,6.18,14.10,30.61,8.69
ALM-3,136.00,5.00,69.01,40.81,37.77,15.36,10.61,39.09,12.91
ALM-3,141.00,4.00,61.97,35.35,41.76,8.52,10.24,32.87,12.60
ALM-3,142.00,3.00,53.65,37.65,46.99,34.46,11.49,40.26,12.18
ALM-3,143.00,4.00,52.93,53.58,49.79,19.72,13.28,45.89,19.46
ALM-3,153.00,4.00,46.72,30.65,36.00,16.18,8.63,20.85,7.88
